N 8
0.17499999999999896 -1.9428902930940239e-16
-0.02499999999999902 -0.33964466094067292
1.4831600838290491 -0.68486900165146813
-1.4918399161709501 -0.69522434071079731
0.15675673066706983 -0.0017976521375702506
-0.18175673066707057 0.0017976521375706253
-0.024999999999999325 3.9749999999999992
-0.024999999999999467 -0.46035533905932691
N 16
0.37499999999999822 0
-0.02500000000000124 -0.674316512696854
0.98322106763590933 -1.3402205279297177
-0.99177893236409032 -1.3776356719963538
0.65347010894164159 0.0074614176449335837
0.0030416473243651491 0.6679884430082208
-0.66846062754214219 0.00020677048523055561
0.0069678340751320993 -0.67067559393738185
0.18337957850896544 -0.0038080479578578115
0.00041114663302491226 -0.20251343874123659
-0.20011287897078497 0.00034246796058350504
-0.00041114663302565992 0.20597901873851063
-0.35909352149131568 -0.018903874834152991
0.33409352149131488 -0.0060961251658461016
-0.0250000000000009 7.9396446609406741
-0.025000000000000699 -0.92568348730314576
N 32
0.77499999999999858 1.1102230246251565e-16
-0.025000000000002569 -1.3461707403097789
1.9832359886447799 -2.6663236570472768
-1.9917640113552189 -2.7487376122707325
1.322566717915453 0.025282560594916327
0.0022758002715290854 1.3320809421657276
-1.3375579729031868 -0.00056056698287972398
0.0077329447407329562 -1.3447740926203222
-0.015269936790339635 0.006808552595765475
0.0030989804249099131 -0.0017496244534327137
0.00016395239966937505 7.8340255979427635e-05
0.00016206008543641305 0.00012521839192203808
0.00022107563313199848 0.00014129382858182968
0.00034837342205426276 0.00012521839192189161
0.00045605135089688952 7.8340255979426768e-05
0.0069617286609564843 -0.0017496244534328481
-0.015269936790340081 -0.005018121696663806
0.0031668736019503205 -0.0014109344468408709
-0.0001038975679771249 -0.0001788351641195771
-0.00021711769601213352 -2.3079260636417031e-05
-0.00022107563313177557 0.00014888907663802419
-0.00014381329847954405 0.00033785173385532104
0.00010389756797670856 0.00044116858644675859
0.0039471220162109371 0.0057030611713205226
0.38273999856014612 -0.020388320456162304
0.0052852419037909089 -0.40152807423745268
-0.39947034252755848 -0.00049621612404553671
-0.0052852419037919688 0.40568226685024628
-0.69900582819021284 -0.044234231165715607
0.6740058281902096 -0.016121107893610365
-0.025000000000003304 15.874316512696854
-0.025000000000001008 -1.8538292596902215
N 64
1.5749999999999993 4.4408920985006262e-16
-0.025000000000001125 -2.6911133093753219
3.9832396984698812 -5.3256622361449253
-3.9917603015301193 -5.4941985462802947
2.6608734297686469 0.05525222197919518
-3.7671579977780617e-06 2.6623931070263867
-2.6758648681563439 -0.0015199377687831958
0.010012328770294071 -2.6910747780394324
-0.015269936789858222 0.023794473439757297
0.0023425386197010625 -0.0069588968278154794
9.5668865154772617e-05 -0.00020980750590782714
0.00012285514882500381 -6.6552332928100557e-05
0.00022107563232812068 -1.0612682792317599e-05
0.00038757835864083054 -6.655233292835426e-05
0.00052433488538942107 -0.00020980750590837358
0.0077181704658460283 -0.0069588968278156329
-0.014874887299525841 0.0064922232069399904
0.0032671102793920227 -0.0019396120933250908
4.1536142445569673e-05 -2.3309800921183775e-06
1.4237410281862852e-05 3.0083953606425897e-05
1.7596627711678574e-06 5.7095372365258915e-05
6.9461558723295539e-06 6.9661666228619415e-05
1.860015514234376e-05 7.5994988956201427e-05
3.3742976538386846e-05 7.9055395594414507e-05
5.1999197490621568e-05 7.997493413978464e-05
7.428868070486188e-05 7.9055395594285595e-05
0.00010283582768278485 7.5994988955394781e-05
0.00014213096200330993 6.9661666229805749e-05
0.00020172694063326198 5.7095372363553682e-05
0.00030417407688321967 3.0083953608128094e-05
0.0003003819994861455 -2.3309800929493033e-06
0.007001322084451464 -0.0019396120933256127
-0.014874887299525626 -0.0056096525498694049
0.0037247951269535561 0.00026376338282634731
2.8820013000121059e-05 -4.0814061791513481e-05
-2.5003150795133112e-05 -3.2935442597341368e-05
-5.8936163783000935e-05 -6.2769833686139066e-06
-6.8263462997421293e-05 1.746695397745004e-05
-6.7665973165098727e-05 3.8688345221676461e-05
-6.1801799016267429e-05 5.8653035409637552e-05
-5.1999197490564322e-05 7.8630622119820175e-05
-3.8006437972941485e-05 9.9994960807767391e-05
-1.820223377215843e-05 0.00012455655215853927
1.1214119842115457e-05 0.00015519625194740177
5.8936163782516947e-05 0.00019720962003751423
0.00014685395160781554 0.00026123841330971177
0.0002129526237711362 0.0002009585749789912
0.0057619993649772249 0.0041933223248320078
-0.015269936789858395 -0.021346937391964152
0.0063775368221104514 0.0025531871909786853
0.00019559994830313987 -0.00013206748356534665
-4.9160429863263553e-05 -0.00015248397394190469
-0.00022107563232776073 -2.3212236657941393e-05
-0.00031177056461039864 0.00020844702053233479
-0.00019559994830393177 0.00048793626697969271
0.00073645879582491807 0.0096671828089139409
0.78139977129975946 -0.046325483119039161
0.012494390034478269 -0.79857424945693367
-0.79812935844058874 -0.0014439438757354109
-0.012494390034479851 0.80595488028341178
-1.3800567911677404 -0.091562363649578232
1.355056791167736 -0.034121123653569535
-0.025000000000005299 31.746170740309775
-0.024999999999999412 -3.7088866906246789
